15
"reco_delta_p_t" "GeV/c" "reco #delta $P_{T}$" "GeV$/c$"
"reco_cos(P_L,P_R)" "" "reco cos({P_{L},P_{R})" ""
"reco_cos(Mu,P_sum)" "" "reco cos({Mu,P_{sum})" ""
"reco_delta_alpha_t" "" "reco #delta #alpha_{T}" ""
"reco_delta_phi_t" "" "reco #delta #phi_{T}" ""
"reco_muon_momentum" "GeV/c" "reco P_{#mu}" "GeV$/c$"
"reco_leading_proton_momentum" "GeV/c" "reco P_{P_{l}}" "GeV$/c$"
"reco_recoil_proton_momentum" "GeV/c" "reco P_{P_{r}}" "GeV$/c$"
"reco_muon_costheta" "" "reco cos(#theta_{#mu})" ""
"reco_leading_proton_costheta" "" "reco cos(#theta_{P_{l}})" ""
"reco_recoil_proton_costheta" "" "reco cos(#theta_{P_{r}})" ""
"reco_muon_phi" "" "reco #phi_{#mu}" ""
"reco_leading_proton_phi" "" "reco #phi_{P_{l}}" ""
"reco_recoil_proton_phi" "" "reco #phi_{P_{r}}" ""
"reco_bin_number" "" "reco bin number" ""
15
"events"
1 0 8 0.0 0.1 0.2 0.3 0.4 0.5 0.6 1.0
0
7
0 1 1
1 1 2
2 1 3
3 1 4
4 1 5
5 1 6
6 1 7
"events"
1 1 9 -1.0 -0.75 -0.5 -0.25 0.0 0.25 0.5 0.75 1.0
0
8
7 1 1
8 1 2
9 1 3
10 1 4
11 1 5
12 1 6
13 1 7
14 1 8
"events"
1 2 9 -1.0 -0.75 -0.5 -0.25 0.0 0.25 0.5 0.75 1.0
0
8
15 1 1
16 1 2
17 1 3
18 1 4
19 1 5
20 1 6
21 1 7
22 1 8
"events"
1 3 7 0.0 30.0 60.0 90.0 120.0 150.0 180.0
0
6
23 1 1
24 1 2
25 1 3
26 1 4
27 1 5
28 1 6
"events"
1 4 7 0.0 30.0 60.0 90.0 120.0 150.0 180.0
0
6
29 1 1
30 1 2
31 1 3
32 1 4
33 1 5
34 1 6
"events"
1 5 6 0.1 0.3 0.5 0.7 0.9 1.2
0
5
35 1 1
36 1 2
37 1 3
38 1 4
39 1 5
"events"
1 6 7 0.3 0.4 0.5 0.6 0.7 0.8 1.0
0
6
40 1 1
41 1 2
42 1 3
43 1 4
44 1 5
45 1 6
"events"
1 7 7 0.3 0.4 0.5 0.6 0.7 0.8 1.0
0
6
46 1 1
47 1 2
48 1 3
49 1 4
50 1 5
51 1 6
"events"
1 8 9 -1.00 -0.75 -0.50 -0.25 0.00 0.25 0.50 0.75 1.00
0
8
52 1 1
53 1 2
54 1 3
55 1 4
56 1 5
57 1 6
58 1 7
59 1 8
"events"
1 9 9 -1.00 -0.75 -0.50 -0.25 0.00 0.25 0.50 0.75 1.00
0
8
60 1 1
61 1 2
62 1 3
63 1 4
64 1 5
65 1 6
66 1 7
67 1 8
"events"
1 10 9 -1.00 -0.75 -0.50 -0.25 0.00 0.25 0.50 0.75 1.00
0
8
68 1 1
69 1 2
70 1 3
71 1 4
72 1 5
73 1 6
74 1 7
75 1 8
"events"
1 11 11 -3.14 -2.51 -1.88 -1.26 -0.63 0.00 0.63 1.26 1.88 2.51 3.14
0
10
76 1 1
77 1 2
78 1 3
79 1 4
80 1 5
81 1 6
82 1 7
83 1 8
84 1 9
85 1 10
"events"
1 12 11	-3.14 -2.51 -1.88 -1.26	-0.63 0.00 0.63	1.26 1.88 2.51 3.14
0
10
86 1 1
87 1 2
88 1 3
89 1 4
90 1 5
91 1 6
92 1 7
93 1 8
94 1 9
95 1 10
"events"
1 13 11	-3.14 -2.51 -1.88 -1.26	-0.63 0.00 0.63	1.26 1.88 2.51 3.14
0
10
96 1 1
97 1 2
98 1 3
99 1 4
100 1 5
101 1 6
102 1 7
103 1 8
104 1 9
105 1 10
"events"
1 14 106 0 1 2 3 4 5 6 7 8 9 10 11 12 13 14 15 16 17 18 19 20 21 22 23 24 25 26 27 28 29 30 31 32 33 34 35 36 37 38 39 40 41 42 43 44 45 46 47 48 49 50 51 52 53 54 55 56 57 58 59 60 61 62 63 64 65 66 67 68 69 70 71 72 73 74 75 76 77 78 79 80 81 82 83 84 85 86 87 88 89 90 91 92 93 94 95 96 97 98 99 100 101 102 103 104 105
0
105
0 1 1
1 1 2
2 1 3
3 1 4
4 1 5
5 1 6
6 1 7
7 1 8
8 1 9
9 1 10
10 1 11
11 1 12
12 1 13
13 1 14
14 1 15
15 1 16
16 1 17
17 1 18
18 1 19
19 1 20
20 1 21
21 1 22
22 1 23
23 1 24
24 1 25
25 1 26
26 1 27
27 1 28
28 1 29
29 1 30
30 1 31
31 1 32
32 1 33
33 1 34
34 1 35
35 1 36
36 1 37
37 1 38
38 1 39
39 1 40
40 1 41
41 1 42
42 1 43
43 1 44
44 1 45
45 1 46
46 1 47
47 1 48
48 1 49
49 1 50
50 1 51
51 1 52
52 1 53
53 1 54
54 1 55
55 1 56
56 1 57
57 1 58
58 1 59
59 1 60
60 1 61
61 1 62
62 1 63
63 1 64
64 1 65
65 1 66
66 1 67
67 1 68
68 1 69
69 1 70
70 1 71
71 1 72
72 1 73
73 1 74
74 1 75
75 1 76
76 1 77
77 1 78
78 1 79
79 1 80
80 1 81
81 1 82
82 1 83
83 1 84
84 1 85
85 1 86
86 1 87
87 1 88
88 1 89
89 1 90
90 1 91
91 1 92
92 1 93
93 1 94
94 1 95
95 1 96
96 1 97
97 1 98
98 1 99
99 1 100
100 1 101
101 1 102
102 1 103
103 1 104
104 1 105
